10,141
10,140
10,134
10,132
10,128
10,126
10,123
10,122
10,115
10,113
10,112
10,111
10,110
10,109
10,107
10,104
10,101
10,94
10,93
10,89
10,87
10,83
10,80
10,79
10,72
10,68
10,67
10,35
10,33
10,32
10,22
10,17
10,16
10,14
10,11
10,10
10,7
10,4
10,3
10,2
10,1
10,0
9,7
9,6
9,5
9,4
9,3
9,2
9,1
9,0
8,18
8,17
8,16
8,15
8,14
8,13
8,12
8,11
8,10
8,9
8,8
8,7
8,6
8,5
8,4
8,3
8,2
8,1
8,0
3,3
3,2
3,1
3,0
2,2
2,1
0,472
2,3
0,386
2,0
0,243
29,1
29,3
29,0
192,1
192,3
192,0
13,1
13,3
13,0
14,1
14,3
14,0
0,9
0,278
0,273
0,276
0,272
0,271
0,270
0,275
0,12
0,10
0,8
0,0
0,504
0,268
0,503
0,267
0,502
0,266
0,501
0,265
0,513
0,264
0,500
0,263
0,499
0,262
0,515
0,261
0,512
0,260
0,511
0,259
0,498
0,258
0,497
0,257
0,496
0,256
0,495
0,255
0,494
0,254
0,510
0,253
0,509
0,252
0,493
0,251
0,492
0,250
0,491
0,249
0,490
0,248
0,508
0,247
0,489
0,246
0,488
0,245
0,487
0,244
0,486
0,242
0,507
0,241
0,506
0,240
0,473
0,239
0,471
0,238
0,470
0,237
0,469
0,236
0,468
0,235
0,467
0,234
0,466
10,144
10,145
10,152
10,154
10,159
10,163
10,170
12,3
12,1
12,2
10,174
10,178
10,184
10,186
10,192
10,193
10,197
10,199
10,201
10,204
10,206
10,211
10,217
10,227
10,237
10,242
11,0
10,247
11,3
11,2
11,16
10,252
11,1
10,270
11,22
10,275
10,277
11,29
11,15
10,282
10,285
10,287
10,297
10,300
10,304
10,312
10,311
10,175
10,256
11,5
11,6
10,21
11,8
11,9
11,10
11,11
11,12
11,17
11,18
11,20
11,23
11,25
11,28
11,30
19,2
20,1
20,2
29,2
32,0
32,2
32,3
32,1
20,3
19,3
19,1
11,26
11,21
11,19
11,13
10,214
10,225
11,7
10,230
11,4
10,314
10,308
10,299
10,289
11,27
10,278
11,24
11,14
10,268
10,251
10,250
10,249
10,245
10,231
10,220
10,210
10,203
10,200
10,194
10,191
10,182
10,176
10,173
10,171
12,0
10,155
10,148
0,233
0,465
0,232
0,485
0,231
0,464
0,230
0,463
0,229
0,462
0,228
0,461
0,227
0,484
0,226
0,460
0,225
0,459
0,224
0,458
0,223
0,457
0,222
0,456
0,221
0,455
0,220
0,454
0,219
0,453
0,218
0,483
0,217
0,452
0,216
0,451
0,215
0,450
0,214
0,449
0,213
0,482
0,212
0,481
0,211
0,448
0,210
0,447
0,209
0,446
0,208
0,445
0,207
0,480
0,206
0,444
0,205
0,387
0,311
0,204
0,385
0,310
0,203
0,384
0,202
0,309
0,308
0,201
0,307
0,306
0,200
0,305
0,304
0,199
0,303
0,302
0,198
0,301
0,197
0,300
0,196
0,319
0,299
0,195
0,318
0,298
0,194
0,297
0,193
0,296
0,192
0,295
0,63
0,294
0,62
0,293
0,61
0,292
0,60
0,291
0,59
0,317
0,290
0,58
0,316
0,289
0,57
0,288
0,56
0,287
0,55
0,286
0,54
0,285
0,53
0,284
0,52
0,283
0,51
0,315
0,282
0,50
0,313
0,281
0,49
0,312
0,280
0,48
0,314
0,279
0,47
0,277
0,46
0,274
0,45
0,443
0,419
0,442
0,418
0,479
0,417
0,478
0,416
0,441
0,415
0,440
0,414
0,439
0,413
0,438
0,412
0,477
0,411
0,437
0,410
0,436
0,409
0,435
0,408
0,434
0,407
0,476
0,406
0,475
0,405
0,433
0,404
0,432
0,403
0,429
0,402
0,474
0,401
0,428
0,400
0,427
0,399
0,426
0,398
0,425
0,397
0,431
0,396
0,430
0,395
0,424
0,394
0,423
0,393
0,422
0,392
0,421
0,391
0,420
0,390
0,505
0,389
0,514
0,388
0,269
0,6
0,5
0,1
0,11
0,4
0,2
0,3
0,7
